01;1345;8;BALAZO;963;10;90
02;2341;TRESPARADAS;852;90;89
03;567;LIMOSINA;745;90;34
04;9;SINLIMITES;956;45;12
02;345;TUANIS;932;134;145
03;45;POSITIVO;856;24;345
01;47;TEC;698;24;26
04;22;ESTRUCTURAS;800;67;189
04;763;CONSENTIDO;12;246
02;123;MARATONISTA;1575;12;246
01;4;LUMINOSO;789;69;122
03;52;GUERRERO;799;89;76
04,30;BANG;997;45;11
04;8;JUANA;897;134;145
01;75;HIROCHINA;1257;12;90
01;4567;ZAMZA;867;69;245
01;02;TRENVIANCA;997;89;76
04;431;NOPARA;860;12;90
01;3;MATADOR;750;24;26
01;681;EHECHADOR;1250;12;246